#  snr lnM mu p0 e0 dist cosqS phiS cosqK phiK Phi_phi0 Phi_r0
1.707274707736666342e+00 1.381551055796427363e+01 1.000000000000000000e+01 1.069999999999999929e+01 4.000000000000000222e-01 1.580000000000000071e+01 6.962705734062398788e-01 2.816447798716910089e+00 9.735307678277173027e-01 5.636036679161360308e-01 5.998932768383432590e-01 4.719352768894583328e+00
1.737816259898026461e+00 1.381551055796427363e+01 1.000000000000000000e+01 1.069999999999999929e+01 4.000000000000000222e-01 1.580000000000000071e+01 -1.685567501311213690e-03 7.760683358170415713e-02 -3.814230986218564157e-01 1.616262310704539296e+00 5.900803430860998233e+00 3.165612901692298475e+00
1.780199954212315694e+00 1.381551055796427363e+01 1.000000000000000000e+01 1.069999999999999929e+01 4.000000000000000222e-01 1.580000000000000071e+01 2.602220771588045212e-01 3.503410807368839031e+00 2.708983986822505186e-01 6.011782490054376815e+00 2.272383139068166802e+00 3.980040494528106265e+00
1.799908842787158569e+00 1.381551055796427363e+01 1.000000000000000000e+01 1.069999999999999929e+01 4.000000000000000222e-01 1.580000000000000071e+01 1.600247996341493950e-01 3.034268695226462587e+00 -2.024113556033385608e-01 2.176743145571544247e+00 2.950994637565104384e+00 6.795035609943946842e-01
1.848346857838381929e+00 1.381551055796427363e+01 1.000000000000000000e+01 1.069999999999999929e+01 4.000000000000000222e-01 1.580000000000000071e+01 -5.231884674407797364e-01 3.512892858205119762e+00 5.751136651391820509e-01 3.972800745778523712e+00 3.151460992274625283e+00 4.743932586737392931e+00
1.853592268657041187e+00 1.381551055796427363e+01 1.000000000000000000e+01 1.069999999999999929e+01 4.000000000000000222e-01 1.580000000000000071e+01 -1.456911762725023873e-01 3.353214597279614573e+00 5.280008021580088196e-01 1.827728631300587603e+00 3.871603021805391620e+00 3.654817628678883601e+00
1.857849305435614440e+00 1.381551055796427363e+01 1.000000000000000000e+01 1.069999999999999929e+01 4.000000000000000222e-01 1.580000000000000071e+01 -6.555194390589251796e-01 8.793772454611731293e-01 -9.105789300278015475e-01 4.579201277147467053e+00 5.279822832411719347e+00 3.848259607624584078e+00
1.859234236598576562e+00 1.381551055796427363e+01 1.000000000000000000e+01 1.069999999999999929e+01 4.000000000000000222e-01 1.580000000000000071e+01 7.041429866589851150e-01 6.128483981875948672e+00 -7.826645942484971030e-01 1.330938385730595919e-01 5.176416305799380169e+00 1.424717460073031683e+00
1.863118792281939440e+00 1.381551055796427363e+01 1.000000000000000000e+01 1.069999999999999929e+01 4.000000000000000222e-01 1.580000000000000071e+01 1.008048508845381663e-01 2.909011977881265310e+00 -2.545829340732489454e-01 1.526294000043228571e+00 4.720607171598116381e+00 5.494288733242806977e+00
1.864433427214003514e+00 1.381551055796427363e+01 1.000000000000000000e+01 1.069999999999999929e+01 4.000000000000000222e-01 1.580000000000000071e+01 2.022942852672638958e-01 6.149282779612440741e+00 -1.055564414728943357e-01 5.721068212431222655e+00 3.416146140804211750e+00 4.429505746393938459e+00
1.874155341191772628e+00 1.381551055796427363e+01 1.000000000000000000e+01 1.069999999999999929e+01 4.000000000000000222e-01 1.580000000000000071e+01 -5.947104947026438104e-02 2.439302364718078042e+00 4.407170910096672722e-01 4.062228295058275762e+00 2.437273938715233346e+00 4.221067127890166581e+00
1.877746543464537954e+00 1.381551055796427363e+01 1.000000000000000000e+01 1.069999999999999929e+01 4.000000000000000222e-01 1.580000000000000071e+01 4.135588399288769867e-02 4.151627946251446488e+00 1.669393037317540296e-01 2.209544603328780887e+00 4.952342389861272842e+00 1.833616808595375680e+00
1.879992829973527790e+00 1.381551055796427363e+01 1.000000000000000000e+01 1.069999999999999929e+01 4.000000000000000222e-01 1.580000000000000071e+01 4.144076897680204485e-02 1.109283357633754186e+00 9.731475518304810723e-02 3.138576096778619817e+00 3.760413964828987154e+00 2.002010105113065208e+00
1.898308942298399193e+00 1.381551055796427363e+01 1.000000000000000000e+01 1.069999999999999929e+01 4.000000000000000222e-01 1.580000000000000071e+01 -1.561215618582380005e-01 3.513957113997156156e+00 -1.928800216009363133e-02 4.479911144004867118e+00 3.039499711033884388e+00 4.939328058495765283e+00
1.902771601179672922e+00 1.381551055796427363e+01 1.000000000000000000e+01 1.069999999999999929e+01 4.000000000000000222e-01 1.580000000000000071e+01 1.979739681847755284e-01 7.757565439952019970e-01 -1.148515702974537422e-01 1.681027458771811922e+00 5.186233698130513048e+00 1.761264937587230683e+00
1.918343221372653895e+00 1.381551055796427363e+01 1.000000000000000000e+01 1.069999999999999929e+01 4.000000000000000222e-01 1.580000000000000071e+01 5.739147408941386308e-01 2.041720106354424136e+00 6.837510549033599672e-01 5.898107983539852661e+00 4.024363787797498593e-01 1.407169688235222926e+00
1.954073027395786033e+00 1.381551055796427363e+01 1.000000000000000000e+01 1.069999999999999929e+01 4.000000000000000222e-01 1.580000000000000071e+01 -1.818454856922852025e-01 5.655545804587584158e+00 2.117199593158601845e-01 5.444190281735339365e-01 1.966714794033361940e-02 1.766586357106442184e+00
1.957616342600621673e+00 1.381551055796427363e+01 1.000000000000000000e+01 1.069999999999999929e+01 4.000000000000000222e-01 1.580000000000000071e+01 -1.693691235217009705e-03 1.917414710029625158e-01 2.421505939443148181e-01 2.647799460748991862e+00 2.658075060030122394e+00 1.865524370042615399e+00
1.962344332629908816e+00 1.381551055796427363e+01 1.000000000000000000e+01 1.069999999999999929e+01 4.000000000000000222e-01 1.580000000000000071e+01 -4.490241359835530632e-01 1.060782967796701781e+00 -5.238194021609396955e-01 3.446108184163877652e+00 3.335975160963473574e+00 3.203197472595323170e+00
1.968654955944113771e+00 1.381551055796427363e+01 1.000000000000000000e+01 1.069999999999999929e+01 4.000000000000000222e-01 1.580000000000000071e+01 1.052302801642076568e-01 1.739513623659431962e+00 8.515739122111620762e-02 5.043590824908974923e+00 3.564617856757245740e+00 4.984933813493042543e+00
1.971320832781177534e+00 1.381551055796427363e+01 1.000000000000000000e+01 1.069999999999999929e+01 4.000000000000000222e-01 1.580000000000000071e+01 2.238046584143782436e-02 2.666334298763813226e+00 -1.577301373182994348e-01 1.739378217122494519e+00 3.817536739986351346e+00 5.252534777597573701e+00
1.972786336454825928e+00 1.381551055796427363e+01 1.000000000000000000e+01 1.069999999999999929e+01 4.000000000000000222e-01 1.580000000000000071e+01 -3.081765537573987190e-01 4.677698436006689775e+00 5.475631660407490608e-01 3.541791891425066563e+00 9.208481719522394471e-01 5.448818369165641107e-01
1.978338807996231852e+00 1.381551055796427363e+01 1.000000000000000000e+01 1.069999999999999929e+01 4.000000000000000222e-01 1.580000000000000071e+01 4.984360099009635947e-01 2.190498920781037695e-01 8.797073926364386010e-01 4.130962437159673151e+00 3.547919682229449645e+00 5.253471690493551449e+00
1.985806535580385557e+00 1.381551055796427363e+01 1.000000000000000000e+01 1.069999999999999929e+01 4.000000000000000222e-01 1.580000000000000071e+01 -2.022599387850063657e-01 9.390361164310655484e-01 -2.096397552455241398e-01 2.783549785721030290e+00 3.894221997235484345e+00 6.164676128120667009e+00
2.017768654145518870e+00 1.381551055796427363e+01 1.000000000000000000e+01 1.069999999999999929e+01 4.000000000000000222e-01 1.580000000000000071e+01 3.228535123230058534e-02 1.854117727234177782e+00 -1.980600193885573290e-03 6.264474031773413998e+00 4.715011835333325685e+00 4.035840424003221294e+00
2.024909637234455495e+00 1.381551055796427363e+01 1.000000000000000000e+01 1.069999999999999929e+01 4.000000000000000222e-01 1.580000000000000071e+01 -5.880854587014083812e-01 6.214060149243931797e+00 4.098275291147411847e-01 6.102705029549053251e+00 6.063010751068328652e+00 4.124402089217789502e+00
2.047650818128808670e+00 1.381551055796427363e+01 1.000000000000000000e+01 1.069999999999999929e+01 4.000000000000000222e-01 1.580000000000000071e+01 -1.723527318809875419e-01 4.126914753643995404e+00 -6.992362487068737309e-02 5.701763597059848365e+00 7.177820681537759873e-01 1.849791044349016422e+00
2.064886117899459084e+00 1.381551055796427363e+01 1.000000000000000000e+01 1.069999999999999929e+01 4.000000000000000222e-01 1.580000000000000071e+01 1.481736828706111675e-01 3.025598148135860477e+00 6.277906001755789722e-01 5.260384022153462347e+00 2.772919011208142770e+00 4.832506352695272511e+00
2.066165387006954290e+00 1.381551055796427363e+01 1.000000000000000000e+01 1.069999999999999929e+01 4.000000000000000222e-01 1.580000000000000071e+01 5.858460141202240790e-01 1.010649343293387042e-01 -5.476382310280708543e-01 5.429910745946963324e+00 2.845197713940075701e+00 5.803557792117580050e+00
2.114290354880118183e+00 1.381551055796427363e+01 1.000000000000000000e+01 1.069999999999999929e+01 4.000000000000000222e-01 1.580000000000000071e+01 -5.908451803863052909e-01 4.570418880441179610e+00 -7.963104167400361089e-01 7.093295567153585779e-01 3.394334257328582294e-01 1.423265958010256238e+00
2.125323187739431852e+00 1.381551055796427363e+01 1.000000000000000000e+01 1.069999999999999929e+01 4.000000000000000222e-01 1.580000000000000071e+01 -4.078172510711834953e-01 5.894555998822852416e+00 -6.736232288265699975e-01 4.043236739735705854e+00 5.900686328084773002e+00 6.091560753502903047e+00
2.130922613825414480e+00 1.381551055796427363e+01 1.000000000000000000e+01 1.069999999999999929e+01 4.000000000000000222e-01 1.580000000000000071e+01 -5.345855483462477187e-01 4.889098153762891918e+00 3.831259133859316046e-01 5.159853228408824322e+00 5.839989149054029660e+00 1.046108868624903598e+00
2.131915718844162644e+00 1.381551055796427363e+01 1.000000000000000000e+01 1.069999999999999929e+01 4.000000000000000222e-01 1.580000000000000071e+01 -2.394452207041593006e-01 5.589541494769126651e+00 -9.820985986366959075e-02 2.125229123809116327e+00 6.039182161128945125e+00 1.974078455720878589e+00
2.133996603049594931e+00 1.381551055796427363e+01 1.000000000000000000e+01 1.069999999999999929e+01 4.000000000000000222e-01 1.580000000000000071e+01 -1.380138840660254385e-01 2.804799185418509033e+00 -9.565418360155308886e-02 3.512606667914954794e+00 5.524255555845638987e+00 4.194500828493206157e+00
2.134255498938742335e+00 1.381551055796427363e+01 1.000000000000000000e+01 1.069999999999999929e+01 4.000000000000000222e-01 1.580000000000000071e+01 -3.602553207277212621e-01 3.703516837449062571e+00 -5.248138991365067785e-01 5.330147111962958206e+00 5.190647779344321755e-01 2.787446737001926245e+00
2.136223723865734225e+00 1.381551055796427363e+01 1.000000000000000000e+01 1.069999999999999929e+01 4.000000000000000222e-01 1.580000000000000071e+01 -2.457594542399047510e-01 2.181646718477517233e+00 4.702346333431860481e-01 2.044865295479147527e+00 5.353546865903913599e+00 5.653768057691279658e+00
2.137748456130346142e+00 1.381551055796427363e+01 1.000000000000000000e+01 1.069999999999999929e+01 4.000000000000000222e-01 1.580000000000000071e+01 -2.704747234879945061e-02 6.152520751679122490e+00 -3.972077413322475659e-01 2.204564436418862794e+00 3.874142644432251092e+00 1.846603947355537567e+00
2.141455492067689370e+00 1.381551055796427363e+01 1.000000000000000000e+01 1.069999999999999929e+01 4.000000000000000222e-01 1.580000000000000071e+01 -8.857270560862595676e-02 6.069468355928952619e+00 1.790660102434943335e-01 2.619955034618276279e+00 1.157170810095932589e+00 4.159802632125779276e+00
2.147954124677441179e+00 1.381551055796427363e+01 1.000000000000000000e+01 1.069999999999999929e+01 4.000000000000000222e-01 1.580000000000000071e+01 1.719678691144366223e-02 4.534357499893649113e+00 -4.260274949616871254e-01 3.214857237763935949e+00 1.944048302162104447e+00 2.046753558095793402e+00
2.148304652129862546e+00 1.381551055796427363e+01 1.000000000000000000e+01 1.069999999999999929e+01 4.000000000000000222e-01 1.580000000000000071e+01 6.021504515214981534e-02 8.804381042192924722e-01 -5.627306325972530887e-01 5.248783702286342390e+00 6.006158260777583635e+00 4.571944549704796579e+00
2.156691792734786617e+00 1.381551055796427363e+01 1.000000000000000000e+01 1.069999999999999929e+01 4.000000000000000222e-01 1.580000000000000071e+01 1.727509757958397563e-01 1.666925781010624608e+00 -8.907889787969303086e-03 1.365226571053497651e+00 2.538826093730733646e+00 1.302129122653088666e+00
2.160040645608199306e+00 1.381551055796427363e+01 1.000000000000000000e+01 1.069999999999999929e+01 4.000000000000000222e-01 1.580000000000000071e+01 -4.340538208179611779e-02 2.078787663235033278e+00 -1.721236551243952029e-01 3.364541854305537871e+00 2.905928748718755728e+00 1.682288549722001703e+00
2.178187672282499321e+00 1.381551055796427363e+01 1.000000000000000000e+01 1.069999999999999929e+01 4.000000000000000222e-01 1.580000000000000071e+01 -7.780292854614784259e-01 9.426568298370425758e-01 9.317671628351494872e-01 8.453003713665721564e-02 3.965714833041707799e+00 7.816388126616058418e-01
2.183602985217590220e+00 1.381551055796427363e+01 1.000000000000000000e+01 1.069999999999999929e+01 4.000000000000000222e-01 1.580000000000000071e+01 -3.912302292395938297e-01 3.578671331911309927e+00 1.686356551606443821e-01 2.774794327078101919e+00 1.200312990480419062e+00 3.741922538453709812e+00
2.189251814906524540e+00 1.381551055796427363e+01 1.000000000000000000e+01 1.069999999999999929e+01 4.000000000000000222e-01 1.580000000000000071e+01 4.000790294751942477e-01 2.687646268815832240e+00 5.799452421287406567e-01 1.030178395752847642e+00 7.764670664865311878e-01 1.510409163305388880e+00
2.190841216063264429e+00 1.381551055796427363e+01 1.000000000000000000e+01 1.069999999999999929e+01 4.000000000000000222e-01 1.580000000000000071e+01 -2.472299999726277342e-01 4.795477892718651880e+00 -4.600839134974714639e-01 2.699974665010245189e+00 6.977149412265094552e-01 7.272894691221544194e-01
2.209713933860362189e+00 1.381551055796427363e+01 1.000000000000000000e+01 1.069999999999999929e+01 4.000000000000000222e-01 1.580000000000000071e+01 1.418145311214827897e-01 1.491741386352313015e+00 -7.575732918371542723e-01 1.661475022481410935e-02 1.326128497862572031e-01 4.372825762266559835e+00
2.216005868105921817e+00 1.381551055796427363e+01 1.000000000000000000e+01 1.069999999999999929e+01 4.000000000000000222e-01 1.580000000000000071e+01 2.389337030605783729e-01 6.032924065082234222e+00 1.209107797828526953e-01 9.453412067512418915e-01 2.398664238801595960e+00 4.846217821855431040e+00
2.223489039447700488e+00 1.381551055796427363e+01 1.000000000000000000e+01 1.069999999999999929e+01 4.000000000000000222e-01 1.580000000000000071e+01 3.719550199000219992e-01 2.321532598666771641e+00 4.643600721795252406e-01 4.070903460017157194e+00 3.558588572314874465e+00 1.197014510851411639e+00
2.237399200300439706e+00 1.381551055796427363e+01 1.000000000000000000e+01 1.069999999999999929e+01 4.000000000000000222e-01 1.580000000000000071e+01 -2.700893073135276490e-01 2.879583077422989135e+00 -2.739342662413581930e-01 4.454374922593958175e+00 2.459768738690467860e+00 4.203937767615922860e-01
2.240541079256010537e+00 1.381551055796427363e+01 1.000000000000000000e+01 1.069999999999999929e+01 4.000000000000000222e-01 1.580000000000000071e+01 2.943851974543120198e-01 1.330193357742837090e-01 -1.942065137166214539e-01 1.928374508670628762e+00 3.197027659969505553e+00 3.606410212966784545e+00
2.255812401827699709e+00 1.381551055796427363e+01 1.000000000000000000e+01 1.069999999999999929e+01 4.000000000000000222e-01 1.580000000000000071e+01 -3.019667534686467647e-01 3.453303621366064391e+00 -1.719542375215846741e-01 4.837288697448415498e+00 4.886983444082896533e+00 8.410524060093980125e-01
2.258472870901091500e+00 1.381551055796427363e+01 1.000000000000000000e+01 1.069999999999999929e+01 4.000000000000000222e-01 1.580000000000000071e+01 6.096201091398961713e-01 5.120594115434658811e+00 -5.577238919139577700e-01 5.065413636495113892e+00 3.995682104561618098e-01 4.130138601227415940e+00
2.270575233654340774e+00 1.381551055796427363e+01 1.000000000000000000e+01 1.069999999999999929e+01 4.000000000000000222e-01 1.580000000000000071e+01 4.248668953727295916e-01 3.998770409396943393e+00 4.722170141239193653e-01 5.935292638234104245e+00 3.195359321343942405e+00 3.233387762058614445e+00
2.277880823280696188e+00 1.381551055796427363e+01 1.000000000000000000e+01 1.069999999999999929e+01 4.000000000000000222e-01 1.580000000000000071e+01 -7.589645152229684832e-02 4.901183632803149948e-01 8.261927674852088677e-01 5.624483157453876281e+00 4.229393917641721679e+00 8.913072656019020990e-01
2.292224455705699881e+00 1.381551055796427363e+01 1.000000000000000000e+01 1.069999999999999929e+01 4.000000000000000222e-01 1.580000000000000071e+01 6.708254623173269815e-01 5.297994053716241769e-01 -4.369406607610363258e-01 6.240675820313981603e+00 2.372704473225282218e+00 3.822508574411902504e+00
2.301905865757714942e+00 1.381551055796427363e+01 1.000000000000000000e+01 1.069999999999999929e+01 4.000000000000000222e-01 1.580000000000000071e+01 -3.708923533622909829e-02 1.264539349871990348e+00 -2.808461794692294067e-01 4.302047984144649284e+00 1.447483485841066564e+00 4.212531463217983330e+00
2.302427932369221164e+00 1.381551055796427363e+01 1.000000000000000000e+01 1.069999999999999929e+01 4.000000000000000222e-01 1.580000000000000071e+01 2.235006988397670868e-01 1.125617566177803175e+00 -1.315200463854724333e-01 3.025703693175442854e+00 4.813581878164006511e+00 8.689121667308737917e-01
2.313079573368868047e+00 1.381551055796427363e+01 1.000000000000000000e+01 1.069999999999999929e+01 4.000000000000000222e-01 1.580000000000000071e+01 8.093014563282910911e-01 3.571831096989318777e+00 7.868990185765466494e-01 1.242840887458850796e+00 3.085377507538384911e+00 9.783356888878997903e-01
2.315256860435060737e+00 1.381551055796427363e+01 1.000000000000000000e+01 1.069999999999999929e+01 4.000000000000000222e-01 1.580000000000000071e+01 -1.218373771628478153e-01 5.123797517045331595e+00 1.780036862943094045e-01 1.149210791507328411e+00 5.586978984999237952e+00 2.973470321125702753e+00
2.317160307926813712e+00 1.381551055796427363e+01 1.000000000000000000e+01 1.069999999999999929e+01 4.000000000000000222e-01 1.580000000000000071e+01 2.804852626449808595e-01 1.324020585285440310e+00 -1.113941406678387036e-01 2.574594134587836702e+00 5.018235451968863003e+00 9.207694162426149909e-01
2.322018595895759763e+00 1.381551055796427363e+01 1.000000000000000000e+01 1.069999999999999929e+01 4.000000000000000222e-01 1.580000000000000071e+01 2.572070720297022772e-01 2.257176101407284197e+00 -2.854126171378924548e-01 3.551856063485076209e+00 3.689459869725005614e+00 3.395056078998551552e+00
2.350328159990844767e+00 1.381551055796427363e+01 1.000000000000000000e+01 1.069999999999999929e+01 4.000000000000000222e-01 1.580000000000000071e+01 5.463533312629487160e-02 4.023184835342330956e+00 9.691209896430440507e-01 5.917468801489602193e+00 3.816461969178692737e+00 5.549735441581416850e+00
2.371964321315516599e+00 1.381551055796427363e+01 1.000000000000000000e+01 1.069999999999999929e+01 4.000000000000000222e-01 1.580000000000000071e+01 -2.114355733143606919e-01 5.023350064350206701e+00 5.292490462597853051e-01 5.124521131529574447e+00 3.060096237654796325e-01 3.158203115417484330e+00
2.375255641126248207e+00 1.381551055796427363e+01 1.000000000000000000e+01 1.069999999999999929e+01 4.000000000000000222e-01 1.580000000000000071e+01 3.420315733379349910e-01 4.531471894193207284e+00 -8.233100077778419124e-01 3.620867202778782268e+00 6.180545446189548819e+00 1.246099543792754449e+00
2.379522007503962922e+00 1.381551055796427363e+01 1.000000000000000000e+01 1.069999999999999929e+01 4.000000000000000222e-01 1.580000000000000071e+01 4.540250255905832200e-01 4.036816632000043370e+00 7.487484717883482466e-01 5.755639989445088922e+00 2.602618234923049556e+00 1.223336612980543192e+00
2.379636694820606024e+00 1.381551055796427363e+01 1.000000000000000000e+01 1.069999999999999929e+01 4.000000000000000222e-01 1.580000000000000071e+01 1.345121579702716064e-01 5.228768319591194036e+00 -6.653661601073991294e-01 1.148081623482135188e-01 5.431768903968987594e+00 5.738889442290958876e+00
2.382654667733099529e+00 1.381551055796427363e+01 1.000000000000000000e+01 1.069999999999999929e+01 4.000000000000000222e-01 1.580000000000000071e+01 2.756260994319065238e-01 4.182743390708044906e+00 -9.574815080677527845e-01 3.240083249939606169e+00 4.233059563259753411e+00 2.335595214239935213e+00
2.403760341362559672e+00 1.381551055796427363e+01 1.000000000000000000e+01 1.069999999999999929e+01 4.000000000000000222e-01 1.580000000000000071e+01 5.131751994592451682e-01 1.139019650655875182e+00 -7.794060091583405736e-01 2.545528144979964047e+00 5.048286801467235740e+00 9.249092779575088796e-01
2.406952384712042203e+00 1.381551055796427363e+01 1.000000000000000000e+01 1.069999999999999929e+01 4.000000000000000222e-01 1.580000000000000071e+01 -1.080366016433005338e-01 3.490302894914235399e+00 5.670172373820184797e-01 1.419043492911486126e+00 7.288872931816021694e-01 1.928685401481963657e+00
2.415482106457539135e+00 1.381551055796427363e+01 1.000000000000000000e+01 1.069999999999999929e+01 4.000000000000000222e-01 1.580000000000000071e+01 -2.145159350396608211e-02 4.642273068546467485e-01 5.016618506290201340e-01 1.178474341072205167e+00 3.194357709829763192e-01 1.253225920399032300e-01
2.421729437021402198e+00 1.381551055796427363e+01 1.000000000000000000e+01 1.069999999999999929e+01 4.000000000000000222e-01 1.580000000000000071e+01 3.440102209882455186e-01 2.142000858674182329e+00 1.209607582160511230e-01 4.380560193418787662e+00 2.409840876674139931e+00 5.828880150913021474e+00
2.426950242258457013e+00 1.381551055796427363e+01 1.000000000000000000e+01 1.069999999999999929e+01 4.000000000000000222e-01 1.580000000000000071e+01 6.217782452495997925e-01 4.417896910652204134e+00 -3.895524586455049176e-01 4.327804518777750964e+00 2.330485619822212084e-01 1.521767399777193663e+00
2.445078598420511007e+00 1.381551055796427363e+01 1.000000000000000000e+01 1.069999999999999929e+01 4.000000000000000222e-01 1.580000000000000071e+01 1.710385312238290600e-01 1.800230637743766238e+00 9.040637985521512432e-01 3.938196382755798641e+00 3.781863958793311831e+00 1.141113278244788587e-01
2.448732715322899267e+00 1.381551055796427363e+01 1.000000000000000000e+01 1.069999999999999929e+01 4.000000000000000222e-01 1.580000000000000071e+01 -8.908502364953619912e-01 3.169666486800339023e+00 -7.008175477854825530e-01 6.237233431572168030e+00 1.441555869055346495e+00 3.367312474642107034e+00
2.468485707446156141e+00 1.381551055796427363e+01 1.000000000000000000e+01 1.069999999999999929e+01 4.000000000000000222e-01 1.580000000000000071e+01 4.936299549535775322e-01 5.167034974479851606e+00 7.043371356501803016e-01 5.087136995995219513e-01 5.423100545610082257e+00 6.253985805540706266e+00
2.473002355174306999e+00 1.381551055796427363e+01 1.000000000000000000e+01 1.069999999999999929e+01 4.000000000000000222e-01 1.580000000000000071e+01 -6.060828752898403948e-01 1.201243158943714695e+00 9.236987580810286369e-01 6.051498246138788062e+00 5.591970804739083256e+00 2.293454835787886115e+00
2.498152786882948284e+00 1.381551055796427363e+01 1.000000000000000000e+01 1.069999999999999929e+01 4.000000000000000222e-01 1.580000000000000071e+01 -8.511340946706230648e-01 2.387940509608911910e+00 9.033017087720774940e-01 1.088301316965149867e+00 1.850977009518147032e+00 6.264230172088737447e+00
2.512527127047848197e+00 1.381551055796427363e+01 1.000000000000000000e+01 1.069999999999999929e+01 4.000000000000000222e-01 1.580000000000000071e+01 -2.301230283809088117e-01 1.566153134239552047e+00 8.416452157150758895e-01 2.429300629234717679e+00 5.062025478719735183e+00 2.907778770063479623e+00
2.516244427077470203e+00 1.381551055796427363e+01 1.000000000000000000e+01 1.069999999999999929e+01 4.000000000000000222e-01 1.580000000000000071e+01 6.437908023038269034e-01 1.859787735249134988e+00 -5.344743472424102748e-01 2.352045702156648321e+00 4.319929916750581689e-01 3.696215538849682236e+00
2.527156855036030603e+00 1.381551055796427363e+01 1.000000000000000000e+01 1.069999999999999929e+01 4.000000000000000222e-01 1.580000000000000071e+01 6.348745179943432460e-01 4.488146196159083168e+00 5.116813832670684681e-01 4.589435883840884967e-01 5.924374369060520173e+00 5.084170175227302302e+00
2.538276876191234877e+00 1.381551055796427363e+01 1.000000000000000000e+01 1.069999999999999929e+01 4.000000000000000222e-01 1.580000000000000071e+01 7.064868188667198234e-01 5.284448507931866601e+00 -8.437078021079050805e-01 2.911591193257554583e-02 5.370944417039439145e+00 5.770990864772374884e+00
2.554104941094083703e+00 1.381551055796427363e+01 1.000000000000000000e+01 1.069999999999999929e+01 4.000000000000000222e-01 1.580000000000000071e+01 4.985092374853083985e-02 2.940134273013578436e+00 6.983424974019426523e-01 5.326967587325083464e+00 3.045542592008326110e+00 5.991239271593466142e+00
2.567062921645548279e+00 1.381551055796427363e+01 1.000000000000000000e+01 1.069999999999999929e+01 4.000000000000000222e-01 1.580000000000000071e+01 3.212278110011833610e-01 5.356224484690110366e+00 -2.297521859306080882e-01 3.997588632176517720e+00 2.718362107904092606e-01 2.706034410206847429e+00
2.569987206411650238e+00 1.381551055796427363e+01 1.000000000000000000e+01 1.069999999999999929e+01 4.000000000000000222e-01 1.580000000000000071e+01 3.591485310654533025e-01 2.295739346829920535e+00 -5.708535701578743016e-02 2.402305377685369780e+00 5.068342532909612119e-01 3.095798046108228174e+00
2.570601155067477439e+00 1.381551055796427363e+01 1.000000000000000000e+01 1.069999999999999929e+01 4.000000000000000222e-01 1.580000000000000071e+01 2.348741111947990623e-01 3.507622123589868024e-01 -7.524092353265399158e-01 6.273113221404599260e-01 6.028701988739729956e+00 4.459335456657578689e+00
2.601042017683015573e+00 1.381551055796427363e+01 1.000000000000000000e+01 1.069999999999999929e+01 4.000000000000000222e-01 1.580000000000000071e+01 -7.515082096810021817e-01 3.120306829780133295e+00 4.118512905820187475e-01 2.785966716535332566e+00 6.049664224995075834e+00 4.057054352079013881e+00
2.614129992191288832e+00 1.381551055796427363e+01 1.000000000000000000e+01 1.069999999999999929e+01 4.000000000000000222e-01 1.580000000000000071e+01 -4.126500244736360790e-01 1.058769821336923433e+00 -1.989303003811915271e-01 5.534581911061697390e+00 1.060531527640308225e+00 2.617165692704664259e+00
2.632942807813633213e+00 1.381551055796427363e+01 1.000000000000000000e+01 1.069999999999999929e+01 4.000000000000000222e-01 1.580000000000000071e+01 3.853886239739797714e-01 3.434377173811589579e+00 -9.997388918752072584e-01 3.012644656112807517e+00 5.858187425379974833e+00 4.906068597131214126e+00
2.650663413300923477e+00 1.381551055796427363e+01 1.000000000000000000e+01 1.069999999999999929e+01 4.000000000000000222e-01 1.580000000000000071e+01 8.740460484709576816e-01 3.796931666531214944e+00 7.475722150497104979e-01 8.906096177052302831e-02 9.316654416738874567e-02 2.309005269756557510e+00
2.657496363196001354e+00 1.381551055796427363e+01 1.000000000000000000e+01 1.069999999999999929e+01 4.000000000000000222e-01 1.580000000000000071e+01 3.196995782567213507e-02 4.583859986436067402e+00 5.691706187003021666e-01 2.169339413729845845e+00 5.617839342228849731e+00 2.449735906421301124e+00
2.666025566830278137e+00 1.381551055796427363e+01 1.000000000000000000e+01 1.069999999999999929e+01 4.000000000000000222e-01 1.580000000000000071e+01 -2.727383453392819845e-01 2.993297888009476687e-02 -9.039834430220423656e-01 1.187946294242277157e+00 5.819654214139874604e+00 2.330146726284054726e+00
2.679929813607916600e+00 1.381551055796427363e+01 1.000000000000000000e+01 1.069999999999999929e+01 4.000000000000000222e-01 1.580000000000000071e+01 5.630687379393736203e-01 4.699766388450834498e+00 -2.633155496595429579e-01 4.486005501333563572e+00 4.934864266731068483e+00 3.601039625723178261e+00
2.699599313381353838e+00 1.381551055796427363e+01 1.000000000000000000e+01 1.069999999999999929e+01 4.000000000000000222e-01 1.580000000000000071e+01 -4.222309240271515662e-01 4.008855989656466612e+00 7.145516614010370970e-01 5.659411739498556138e+00 5.025741635158874843e+00 4.306915340623138078e-01
2.707503007542642948e+00 1.381551055796427363e+01 1.000000000000000000e+01 1.069999999999999929e+01 4.000000000000000222e-01 1.580000000000000071e+01 6.789122178838274957e-01 2.028758984725632430e+00 3.613021262825807378e-01 4.743593499523332646e+00 3.958288932607186172e+00 5.443643958303719721e+00
2.719593757494757735e+00 1.381551055796427363e+01 1.000000000000000000e+01 1.069999999999999929e+01 4.000000000000000222e-01 1.580000000000000071e+01 7.222104746984753243e-01 2.818430162525592753e+00 6.131285272238004014e-01 1.003099585780872216e+00 7.910675795560934143e-02 4.758273705414059584e+00
2.734362019487115436e+00 1.381551055796427363e+01 1.000000000000000000e+01 1.069999999999999929e+01 4.000000000000000222e-01 1.580000000000000071e+01 -2.554512742477274001e-01 4.053586057848947988e+00 -3.021071404919010162e-01 4.940456347272994542e+00 2.371145675971887412e-01 1.111639009040373605e+00
2.735222984176674643e+00 1.381551055796427363e+01 1.000000000000000000e+01 1.069999999999999929e+01 4.000000000000000222e-01 1.580000000000000071e+01 -3.232092712745492369e-01 4.475400536828427533e+00 3.890736283949901564e-01 6.275383183972961021e+00 1.754303463990271483e+00 6.790835382867415060e-01
2.776032247754831150e+00 1.381551055796427363e+01 1.000000000000000000e+01 1.069999999999999929e+01 4.000000000000000222e-01 1.580000000000000071e+01 -5.617917750613647954e-01 4.820613429235065084e+00 6.054141395784201629e-01 6.275994716535595153e+00 1.155532721604952240e+00 2.250634214001742350e+00
2.784896251220958963e+00 1.381551055796427363e+01 1.000000000000000000e+01 1.069999999999999929e+01 4.000000000000000222e-01 1.580000000000000071e+01 -8.666849147948489929e-01 6.282470221391684539e+00 6.127526530175156916e-01 5.501948824467846499e+00 3.432454180904072505e+00 5.656780098475750584e+00
2.798482061356063255e+00 1.381551055796427363e+01 1.000000000000000000e+01 1.069999999999999929e+01 4.000000000000000222e-01 1.580000000000000071e+01 5.461104358015400617e-02 2.072670475420091141e-01 4.854706740453110791e-01 4.382517404322130994e-01 2.524948704830453305e+00 1.125109014705513166e+00
2.810925079947963923e+00 1.381551055796427363e+01 1.000000000000000000e+01 1.069999999999999929e+01 4.000000000000000222e-01 1.580000000000000071e+01 3.643217708587479509e-01 1.560048533124235526e+00 4.437822970203153528e-02 2.179386767024237948e+00 5.528048709426346186e+00 2.753828043371088885e+00
2.815096870158949827e+00 1.381551055796427363e+01 1.000000000000000000e+01 1.069999999999999929e+01 4.000000000000000222e-01 1.580000000000000071e+01 1.333163882479978524e-01 3.909178804505365701e+00 -6.743781080324611210e-01 3.789923549954914428e+00 5.047265872964219469e+00 6.015889824565101129e+00
2.830391428792353725e+00 1.381551055796427363e+01 1.000000000000000000e+01 1.069999999999999929e+01 4.000000000000000222e-01 1.580000000000000071e+01 4.275424025955837370e-01 4.407472400596024187e+00 -2.716456749600562048e-01 5.975928106661439365e+00 5.004290812994783622e+00 4.625941351092885512e+00
2.830430378743187259e+00 1.381551055796427363e+01 1.000000000000000000e+01 1.069999999999999929e+01 4.000000000000000222e-01 1.580000000000000071e+01 -7.851042373917803685e-01 5.285637485674437031e-01 8.088463901429298053e-01 5.464662258210398527e+00 5.499055139738566744e-01 1.314288617769654444e+00
2.848751616391947294e+00 1.381551055796427363e+01 1.000000000000000000e+01 1.069999999999999929e+01 4.000000000000000222e-01 1.580000000000000071e+01 -1.604139336223685541e-01 3.161265678472033436e+00 7.843373899387352521e-01 2.768675905723665398e+00 3.199680477543525026e-01 5.070129360626269843e+00
2.885873007832776782e+00 1.381551055796427363e+01 1.000000000000000000e+01 1.069999999999999929e+01 4.000000000000000222e-01 1.580000000000000071e+01 -6.322883663579377256e-01 6.173539240974031728e+00 4.406027455997497677e-01 1.381583056047823055e+00 1.946101307539966352e-01 3.249095849549807458e+00
2.891753583053323862e+00 1.381551055796427363e+01 1.000000000000000000e+01 1.069999999999999929e+01 4.000000000000000222e-01 1.580000000000000071e+01 4.486040936388414613e-01 5.909250238082329965e+00 6.307257123637902696e-01 4.718297663457353686e+00 4.795153753854058287e+00 1.070893875439297149e+00
2.914122397452371782e+00 1.381551055796427363e+01 1.000000000000000000e+01 1.069999999999999929e+01 4.000000000000000222e-01 1.580000000000000071e+01 1.933560816910196989e-01 5.550683379040303400e+00 6.859501862655784654e-01 4.677707386441766424e+00 6.246251630125406074e+00 4.801124113393820281e+00
2.939572752559290958e+00 1.381551055796427363e+01 1.000000000000000000e+01 1.069999999999999929e+01 4.000000000000000222e-01 1.580000000000000071e+01 9.630648414046490968e-01 4.290950243694639510e-01 -9.696291999567182573e-01 4.744658779745590138e+00 3.842160686262092284e+00 5.106016430501127967e-01
2.949914175144395134e+00 1.381551055796427363e+01 1.000000000000000000e+01 1.069999999999999929e+01 4.000000000000000222e-01 1.580000000000000071e+01 -1.710290667949555532e-01 4.687739269421852484e+00 -4.182474148206343223e-01 3.717505867733386093e+00 1.851911832301535110e+00 4.258501852859821746e-01
2.959149113964927746e+00 1.381551055796427363e+01 1.000000000000000000e+01 1.069999999999999929e+01 4.000000000000000222e-01 1.580000000000000071e+01 -1.159788664868909303e-01 5.739654247757077776e+00 -3.342426838551161294e-01 5.798574317851002746e+00 2.746522839569741414e+00 2.646865893157288152e+00
3.003585963539542547e+00 1.381551055796427363e+01 1.000000000000000000e+01 1.069999999999999929e+01 4.000000000000000222e-01 1.580000000000000071e+01 2.331898110883189323e-01 4.882790988226309636e+00 3.138256366356265703e-01 5.476502618400160394e+00 4.674121216635621856e+00 1.098617493424237646e+00
3.007107931690232494e+00 1.381551055796427363e+01 1.000000000000000000e+01 1.069999999999999929e+01 4.000000000000000222e-01 1.580000000000000071e+01 1.523199665536256742e-02 3.494530923890118324e+00 -7.887066022467981163e-01 6.189055810086461662e+00 5.469323730133048400e+00 4.588110018187911976e+00
3.038720622852832953e+00 1.381551055796427363e+01 1.000000000000000000e+01 1.069999999999999929e+01 4.000000000000000222e-01 1.580000000000000071e+01 5.838630679248520972e-01 6.943380557543405995e-01 2.157901042650756107e-02 4.271207800983313874e+00 2.442307661970166688e-01 1.072656578602602773e+00
3.063508648765851383e+00 1.381551055796427363e+01 1.000000000000000000e+01 1.069999999999999929e+01 4.000000000000000222e-01 1.580000000000000071e+01 -3.568101912913497209e-01 4.524849209391761384e+00 -8.647754842245767293e-01 1.068435088536119348e+00 1.217541731196350341e+00 2.330068692790713936e+00
3.077157105243214730e+00 1.381551055796427363e+01 1.000000000000000000e+01 1.069999999999999929e+01 4.000000000000000222e-01 1.580000000000000071e+01 6.663498087553852978e-01 2.033120675472895600e-01 7.712137205460056766e-02 2.558682815397812504e+00 6.133234891261793109e+00 3.106342763801804185e+00
3.100077583987939978e+00 1.381551055796427363e+01 1.000000000000000000e+01 1.069999999999999929e+01 4.000000000000000222e-01 1.580000000000000071e+01 2.162212301793765556e-01 5.866832304291395239e+00 4.398134612990117764e-01 5.710231046581715653e+00 6.441763270815253906e-01 4.481026438856822836e+00
3.123317432866191456e+00 1.381551055796427363e+01 1.000000000000000000e+01 1.069999999999999929e+01 4.000000000000000222e-01 1.580000000000000071e+01 3.424720617463475891e-01 3.312975339939581598e+00 -8.833749302139957127e-01 5.586174631468645124e+00 1.175131672713033981e-02 4.520701292817278727e+00
3.131877414659698822e+00 1.381551055796427363e+01 1.000000000000000000e+01 1.069999999999999929e+01 4.000000000000000222e-01 1.580000000000000071e+01 -5.724432039164700781e-01 5.828935052877242562e+00 -6.862472186140090580e-01 4.350007877377557008e+00 1.970694499762255081e+00 3.154372383315824369e-01
3.153539708140754794e+00 1.381551055796427363e+01 1.000000000000000000e+01 1.069999999999999929e+01 4.000000000000000222e-01 1.580000000000000071e+01 7.831262779363542537e-01 2.627813428618716252e+00 2.875827753614953464e-01 6.227047054433711537e+00 1.302864865200742184e+00 4.172551354781241173e+00
3.180186522397293380e+00 1.381551055796427363e+01 1.000000000000000000e+01 1.069999999999999929e+01 4.000000000000000222e-01 1.580000000000000071e+01 4.895380471465328176e-01 2.921977929964388210e+00 -2.934280743343524733e-01 8.041525565343238258e-01 3.258294133668933945e+00 3.587654838628514753e+00
3.188875102190573241e+00 1.381551055796427363e+01 1.000000000000000000e+01 1.069999999999999929e+01 4.000000000000000222e-01 1.580000000000000071e+01 -7.781914469089330488e-01 3.419188691336702668e+00 1.821166408575497497e-01 3.787450185406600500e+00 2.027528211109630885e+00 6.255763075887325719e+00
3.221802258808071695e+00 1.381551055796427363e+01 1.000000000000000000e+01 1.069999999999999929e+01 4.000000000000000222e-01 1.580000000000000071e+01 -7.526537028574308286e-01 2.970421116924860439e+00 -5.254436296818346674e-01 1.301190960084687376e+00 6.483451031894554850e-02 2.304129278081402443e+00
3.230436537283363219e+00 1.381551055796427363e+01 1.000000000000000000e+01 1.069999999999999929e+01 4.000000000000000222e-01 1.580000000000000071e+01 8.863513135534456522e-01 4.626215036346611242e+00 5.928107826438370198e-01 2.294602533300697189e+00 4.463739250938005831e+00 4.091960940447715522e+00
3.230992439811287475e+00 1.381551055796427363e+01 1.000000000000000000e+01 1.069999999999999929e+01 4.000000000000000222e-01 1.580000000000000071e+01 1.234697668650389657e-01 1.648270563125410204e+00 -8.690488574550164769e-01 2.483366608105121109e+00 2.783094881521666064e+00 4.428674029443246951e+00
3.240758865020007207e+00 1.381551055796427363e+01 1.000000000000000000e+01 1.069999999999999929e+01 4.000000000000000222e-01 1.580000000000000071e+01 -3.330305701199707258e-01 1.791261785135213946e+00 4.864353623108038649e-01 4.063724553645792881e+00 2.099878582258998261e+00 5.511911655406755983e+00
3.246129608589289450e+00 1.381551055796427363e+01 1.000000000000000000e+01 1.069999999999999929e+01 4.000000000000000222e-01 1.580000000000000071e+01 2.103109702950008986e-01 1.632759102287550723e+00 -7.488607817266675903e-01 1.201798411274825007e+00 5.695016682287127985e+00 6.132195352740866134e+00
3.257241532391249805e+00 1.381551055796427363e+01 1.000000000000000000e+01 1.069999999999999929e+01 4.000000000000000222e-01 1.580000000000000071e+01 -5.184835569052703708e-02 1.297789622440987944e+00 9.278231896147911550e-01 5.024032331285958053e-01 3.653233525390518821e+00 3.228425299770987689e+00
3.291895565806740365e+00 1.381551055796427363e+01 1.000000000000000000e+01 1.069999999999999929e+01 4.000000000000000222e-01 1.580000000000000071e+01 -7.679186831491007226e-01 3.660634621205535733e-01 -8.337019090597852511e-02 3.080165722568333653e+00 3.614189311678849936e+00 2.624651461227484273e+00
3.304507154386000956e+00 1.381551055796427363e+01 1.000000000000000000e+01 1.069999999999999929e+01 4.000000000000000222e-01 1.580000000000000071e+01 9.735875138573434340e-01 2.100387620464605032e+00 7.439068170418433601e-01 3.975848378278822093e+00 4.620900949802710045e+00 4.859960909692703446e+00
3.322479181939229864e+00 1.381551055796427363e+01 1.000000000000000000e+01 1.069999999999999929e+01 4.000000000000000222e-01 1.580000000000000071e+01 -4.819396731040240800e-01 1.090731649776358170e+00 6.130516841487086976e-01 5.439682083886903108e+00 2.145313128553029802e+00 5.897204428673585852e-01
3.330266399892523044e+00 1.381551055796427363e+01 1.000000000000000000e+01 1.069999999999999929e+01 4.000000000000000222e-01 1.580000000000000071e+01 -8.668979772626362879e-01 6.276703246149587301e+00 3.014481247762504923e-01 5.527088895975180272e+00 5.373571077604529123e+00 5.922933053920251822e+00
3.334984008122755750e+00 1.381551055796427363e+01 1.000000000000000000e+01 1.069999999999999929e+01 4.000000000000000222e-01 1.580000000000000071e+01 9.118287286110737799e-02 3.120378468602993394e+00 -9.472518580736215554e-01 5.906627885442965464e-01 2.963337938915940661e+00 6.840711227203678524e-01
3.336365530725575290e+00 1.381551055796427363e+01 1.000000000000000000e+01 1.069999999999999929e+01 4.000000000000000222e-01 1.580000000000000071e+01 8.019045356837942728e-01 2.560501900359148042e+00 -3.781420728907015638e-01 2.966680611257830780e+00 4.484172486484377274e+00 5.564084036307692216e+00
3.370767222020103038e+00 1.381551055796427363e+01 1.000000000000000000e+01 1.069999999999999929e+01 4.000000000000000222e-01 1.580000000000000071e+01 -7.172943970916787482e-01 5.096452561617150767e-01 -8.912076603487428805e-02 1.809142750160283253e+00 6.870021518533256932e-01 3.717975442838840738e+00
3.386826139783880585e+00 1.381551055796427363e+01 1.000000000000000000e+01 1.069999999999999929e+01 4.000000000000000222e-01 1.580000000000000071e+01 9.529117800741017108e-01 2.429167389354333295e+00 9.554711386698305775e-01 2.409022386106558056e+00 5.050148508389037616e+00 1.709312478091034482e+00
3.387423975008219124e+00 1.381551055796427363e+01 1.000000000000000000e+01 1.069999999999999929e+01 4.000000000000000222e-01 1.580000000000000071e+01 3.562466814971917417e-01 5.372034438759744290e+00 5.772056120041749727e-01 6.073071827110062770e+00 1.710556929048041797e+00 1.567341103178902850e+00
3.387904924986739896e+00 1.381551055796427363e+01 1.000000000000000000e+01 1.069999999999999929e+01 4.000000000000000222e-01 1.580000000000000071e+01 -9.728477124086141181e-01 7.276497458927092543e-01 -6.739463304646162722e-01 5.388018323299718304e+00 4.656608543770420106e+00 2.258096223603585528e+00
3.388018386233894841e+00 1.381551055796427363e+01 1.000000000000000000e+01 1.069999999999999929e+01 4.000000000000000222e-01 1.580000000000000071e+01 -7.664573125139563237e-01 1.755637353050181204e-01 -2.273383524866945393e-02 1.959629200048711661e+00 5.816026883049967289e+00 3.280793285270084958e-01
3.411241011799643896e+00 1.381551055796427363e+01 1.000000000000000000e+01 1.069999999999999929e+01 4.000000000000000222e-01 1.580000000000000071e+01 -3.629214334016872545e-01 2.458076530121722225e+00 4.010248153084231548e-01 5.404985172862753373e+00 5.989214402496073619e-01 6.787772542066115022e-01
3.443660328845602248e+00 1.381551055796427363e+01 1.000000000000000000e+01 1.069999999999999929e+01 4.000000000000000222e-01 1.580000000000000071e+01 -6.197216687691422532e-01 4.931678713936082481e+00 -1.043253985562597741e-01 1.093728115695705716e+00 1.468123233147295315e+00 2.895343944471804765e+00
3.472620876974494841e+00 1.381551055796427363e+01 1.000000000000000000e+01 1.069999999999999929e+01 4.000000000000000222e-01 1.580000000000000071e+01 -5.839894363413431488e-01 1.765748268780476637e+00 9.976634891631286362e-02 6.166160941280630220e-03 3.004970016207637151e+00 4.364752234225485417e+00
3.515506120490614173e+00 1.381551055796427363e+01 1.000000000000000000e+01 1.069999999999999929e+01 4.000000000000000222e-01 1.580000000000000071e+01 -5.072122985832787645e-01 9.723736745336950538e-01 3.607993022479704104e-01 3.226890964810383178e+00 1.762260373477621878e+00 4.951070362466883701e+00
3.515718790303459684e+00 1.381551055796427363e+01 1.000000000000000000e+01 1.069999999999999929e+01 4.000000000000000222e-01 1.580000000000000071e+01 6.967172492022742913e-01 3.004796286421996587e+00 9.504018104725130422e-01 3.747938975063861200e+00 2.767572918825841555e+00 1.293071710750066217e+00
3.520701080352578227e+00 1.381551055796427363e+01 1.000000000000000000e+01 1.069999999999999929e+01 4.000000000000000222e-01 1.580000000000000071e+01 7.879684300392775231e-02 4.775867727450044953e+00 -9.959474586776728700e-01 3.952424353285964642e+00 4.323383779179978958e+00 3.435280315311169730e+00
3.535453322035752244e+00 1.381551055796427363e+01 1.000000000000000000e+01 1.069999999999999929e+01 4.000000000000000222e-01 1.580000000000000071e+01 -5.512755033461980148e-02 1.542617202472742477e+00 -5.562138644751277727e-01 1.794413196901510688e+00 3.066388881415207379e-01 4.562098011238998829e+00
3.547054553089697304e+00 1.381551055796427363e+01 1.000000000000000000e+01 1.069999999999999929e+01 4.000000000000000222e-01 1.580000000000000071e+01 3.777395066111156607e-01 4.731479027633744394e+00 -9.809069162178649659e-01 4.838138836413409472e+00 5.038953834773113094e+00 4.661238542623967973e+00
3.551457787897450480e+00 1.381551055796427363e+01 1.000000000000000000e+01 1.069999999999999929e+01 4.000000000000000222e-01 1.580000000000000071e+01 -4.273934390840409270e-01 2.818695427771954254e+00 -5.826719078319285705e-01 1.970907891035726278e+00 6.122322278127891870e+00 3.379280067745600302e+00
3.559919371432822111e+00 1.381551055796427363e+01 1.000000000000000000e+01 1.069999999999999929e+01 4.000000000000000222e-01 1.580000000000000071e+01 -4.314572180480777952e-01 5.148878920783126034e+00 3.938678391025655090e-01 1.479589486994474345e+00 2.372904676579675520e+00 6.259424283817094370e+00
3.564554171157116702e+00 1.381551055796427363e+01 1.000000000000000000e+01 1.069999999999999929e+01 4.000000000000000222e-01 1.580000000000000071e+01 5.108454773504823576e-01 3.902991956190622336e+00 -5.577804326779183253e-01 1.385543167533900055e+00 4.136437801305435258e+00 3.283927286209474605e+00
3.564958750023254463e+00 1.381551055796427363e+01 1.000000000000000000e+01 1.069999999999999929e+01 4.000000000000000222e-01 1.580000000000000071e+01 7.633712332499545949e-01 1.831946612270566044e-01 1.368798372263732022e-01 7.277924848429039306e-01 3.940433171853041650e+00 4.616758014206934213e+00
3.571762038779027204e+00 1.381551055796427363e+01 1.000000000000000000e+01 1.069999999999999929e+01 4.000000000000000222e-01 1.580000000000000071e+01 -4.557126156817447038e-01 5.931523561935639677e+00 6.443429593632398200e-01 3.265838942490066010e+00 1.388836203721002471e+00 5.716351669559409210e+00
3.584257911199522084e+00 1.381551055796427363e+01 1.000000000000000000e+01 1.069999999999999929e+01 4.000000000000000222e-01 1.580000000000000071e+01 -8.253827793013848169e-01 7.594136986262669531e-01 -1.099983658544199105e-01 3.281381827909762183e+00 8.009875533958574212e-02 3.727242812575758624e+00
3.612978754762611100e+00 1.381551055796427363e+01 1.000000000000000000e+01 1.069999999999999929e+01 4.000000000000000222e-01 1.580000000000000071e+01 9.254972588325093286e-01 4.428147082523666178e+00 -7.907803590354915979e-01 5.941364143408961240e+00 2.848076369969572141e+00 5.623485512571850364e+00
3.640188365501781487e+00 1.381551055796427363e+01 1.000000000000000000e+01 1.069999999999999929e+01 4.000000000000000222e-01 1.580000000000000071e+01 8.075748844545372895e-01 4.469945594895417429e+00 2.640328956810068517e-01 2.342076212714534034e+00 6.254793249508129094e+00 2.068055508946803123e+00
3.663625436886898346e+00 1.381551055796427363e+01 1.000000000000000000e+01 1.069999999999999929e+01 4.000000000000000222e-01 1.580000000000000071e+01 -3.675171060976524240e-01 2.661200290550234104e+00 9.087498615630819065e-01 5.459426216373603147e+00 4.766777384348679369e+00 3.243449167052661952e+00
3.682935153172128828e+00 1.381551055796427363e+01 1.000000000000000000e+01 1.069999999999999929e+01 4.000000000000000222e-01 1.580000000000000071e+01 -8.948286196825169236e-01 2.355609141825200314e+00 5.507582375069938196e-01 4.197834866829872169e+00 4.413733364116936286e+00 1.327515298289885792e-01
3.714239049644139090e+00 1.381551055796427363e+01 1.000000000000000000e+01 1.069999999999999929e+01 4.000000000000000222e-01 1.580000000000000071e+01 -4.371792316900520170e-01 1.786673405098484935e+00 -8.080571556470923511e-01 6.170631499693934874e-01 4.628362366695694341e+00 2.049890173208918309e+00
3.727036867099967843e+00 1.381551055796427363e+01 1.000000000000000000e+01 1.069999999999999929e+01 4.000000000000000222e-01 1.580000000000000071e+01 6.537263758597414709e-01 5.870816648619846312e+00 5.070209416700236504e-01 1.457415667227738298e-01 6.161892839453946280e+00 5.860068115312349946e+00
3.745890829268516242e+00 1.381551055796427363e+01 1.000000000000000000e+01 1.069999999999999929e+01 4.000000000000000222e-01 1.580000000000000071e+01 9.626037111977799876e-01 4.142644541114035128e+00 6.316435883457499623e-01 6.020084985048711701e+00 2.931782657198175546e+00 3.764869882499000564e+00
3.754461205377441324e+00 1.381551055796427363e+01 1.000000000000000000e+01 1.069999999999999929e+01 4.000000000000000222e-01 1.580000000000000071e+01 3.572767187997357707e-01 4.505263545091437116e+00 -4.091320815629440055e-01 1.682095351766116798e+00 4.286437863665184977e+00 3.110682482427213014e+00
3.761641225978013647e+00 1.381551055796427363e+01 1.000000000000000000e+01 1.069999999999999929e+01 4.000000000000000222e-01 1.580000000000000071e+01 8.116277034417683778e-01 9.733122906068174540e-01 -3.833598134486559950e-02 6.148439858778655065e+00 3.369392493688563306e+00 1.559712131956398462e+00
3.769065475520434916e+00 1.381551055796427363e+01 1.000000000000000000e+01 1.069999999999999929e+01 4.000000000000000222e-01 1.580000000000000071e+01 7.225932520087764432e-01 2.548612698203379434e+00 -2.600712605789272658e-01 4.135603998379541402e+00 6.713083910885566663e-01 5.613888672500125132e+00
3.773466002993023594e+00 1.381551055796427363e+01 1.000000000000000000e+01 1.069999999999999929e+01 4.000000000000000222e-01 1.580000000000000071e+01 6.317625207890428252e-01 2.663370599816120787e+00 -1.818394434254627656e-01 5.497858412540631790e+00 3.588908692318702354e+00 2.840932989757257054e+00
3.797941403263568105e+00 1.381551055796427363e+01 1.000000000000000000e+01 1.069999999999999929e+01 4.000000000000000222e-01 1.580000000000000071e+01 9.665162931393512791e-01 3.251682421966506920e-01 1.469550019844797495e-01 3.751041656617990050e+00 6.136072937790584270e+00 1.343915022945895155e-01
3.816873956614598384e+00 1.381551055796427363e+01 1.000000000000000000e+01 1.069999999999999929e+01 4.000000000000000222e-01 1.580000000000000071e+01 6.854955192259793995e-01 1.906973692711584567e+00 -4.251864354126677625e-02 3.116667918784305158e+00 4.699876493153325008e+00 3.810921988272800043e+00
3.823186253348366481e+00 1.381551055796427363e+01 1.000000000000000000e+01 1.069999999999999929e+01 4.000000000000000222e-01 1.580000000000000071e+01 5.025322960082455603e-01 1.856789346062159396e+00 -2.956258112034026997e-01 4.056552751925196709e+00 5.010334112772723003e+00 6.025678751527001609e+00
3.833342930581284502e+00 1.381551055796427363e+01 1.000000000000000000e+01 1.069999999999999929e+01 4.000000000000000222e-01 1.580000000000000071e+01 -3.171788104839223799e-01 5.979426711050664922e-01 9.173005727694844014e-01 4.417619660379097368e+00 3.123987364302660108e+00 3.912223149660352117e+00
3.834724438564376392e+00 1.381551055796427363e+01 1.000000000000000000e+01 1.069999999999999929e+01 4.000000000000000222e-01 1.580000000000000071e+01 5.972643459091272478e-01 5.484986263545462037e+00 3.138500305627404119e-01 5.619678726907250343e+00 3.002163604915222828e-01 2.773607159746583228e+00
3.842944924600356416e+00 1.381551055796427363e+01 1.000000000000000000e+01 1.069999999999999929e+01 4.000000000000000222e-01 1.580000000000000071e+01 -3.892237281135840776e-01 1.364436892508654742e+00 -5.752547622810277872e-01 6.348651477430721224e-01 3.233423925506968555e+00 2.099450251655162969e+00
3.848413667592826215e+00 1.381551055796427363e+01 1.000000000000000000e+01 1.069999999999999929e+01 4.000000000000000222e-01 1.580000000000000071e+01 -9.753033110851615506e-01 1.691214363672795262e-01 4.213709953032607203e-04 1.742632947037330848e-01 5.953856497325380914e+00 9.481906313771027994e-01
3.864809603530080739e+00 1.381551055796427363e+01 1.000000000000000000e+01 1.069999999999999929e+01 4.000000000000000222e-01 1.580000000000000071e+01 8.165235932126629903e-01 4.278143248432481727e+00 -1.290076929940159323e-01 2.819114493300122870e+00 3.727645535474773286e+00 2.022759049003985066e+00
3.866859259393457204e+00 1.381551055796427363e+01 1.000000000000000000e+01 1.069999999999999929e+01 4.000000000000000222e-01 1.580000000000000071e+01 7.543367877660535070e-01 2.749748609703686952e+00 4.984981772175699488e-01 2.331579500096288449e+00 1.559561789850895552e+00 4.124473107745203038e+00
3.876123780973000699e+00 1.381551055796427363e+01 1.000000000000000000e+01 1.069999999999999929e+01 4.000000000000000222e-01 1.580000000000000071e+01 -6.639490080539812711e-01 2.623551362640154760e+00 4.448270745286034833e-01 5.584603111607521875e+00 5.297417837127682994e+00 1.347862431359521995e+00
3.927689057648714677e+00 1.381551055796427363e+01 1.000000000000000000e+01 1.069999999999999929e+01 4.000000000000000222e-01 1.580000000000000071e+01 -7.647125963346026456e-01 5.399653948044647045e+00 -5.023141752956528094e-02 1.381223010294950537e+00 1.609507642444445885e+00 2.563743931390421782e+00
3.943299655420785754e+00 1.381551055796427363e+01 1.000000000000000000e+01 1.069999999999999929e+01 4.000000000000000222e-01 1.580000000000000071e+01 -6.603419704637506493e-01 2.640822044206359909e+00 -2.740544658387847887e-01 3.277089920777101373e+00 7.148096848356018107e-01 1.078122753578440340e+00
3.960191203408188532e+00 1.381551055796427363e+01 1.000000000000000000e+01 1.069999999999999929e+01 4.000000000000000222e-01 1.580000000000000071e+01 -7.511386486677010810e-01 1.514996030948259909e-01 6.192525783955317165e-01 3.144489460004037173e+00 4.321558459908463767e+00 2.496712975234505194e+00
3.964431507393439080e+00 1.381551055796427363e+01 1.000000000000000000e+01 1.069999999999999929e+01 4.000000000000000222e-01 1.580000000000000071e+01 -2.177661749261731172e-01 1.625630295475999354e+00 -5.449435545459133667e-01 1.868293075883714183e+00 1.799848572879744424e+00 5.721381003539844023e+00
3.974198448632744185e+00 1.381551055796427363e+01 1.000000000000000000e+01 1.069999999999999929e+01 4.000000000000000222e-01 1.580000000000000071e+01 9.494016656694667100e-01 5.350103956260142013e+00 5.194446091114687247e-01 4.226835914304161862e-02 1.082546124540645138e+00 1.503249898890720360e+00
3.975862187879512621e+00 1.381551055796427363e+01 1.000000000000000000e+01 1.069999999999999929e+01 4.000000000000000222e-01 1.580000000000000071e+01 9.404585605468259724e-01 5.808167201924890222e+00 4.552083651979940138e-01 5.515912110788724121e+00 2.516944515908603908e+00 1.576413080480365103e+00
4.008838982141146978e+00 1.381551055796427363e+01 1.000000000000000000e+01 1.069999999999999929e+01 4.000000000000000222e-01 1.580000000000000071e+01 2.640140360466117775e-01 9.920221667121862374e-01 7.231887442668042398e-01 7.585000710430975790e-01 2.085340132962508530e+00 1.955693956891487284e+00
4.052284701035410386e+00 1.381551055796427363e+01 1.000000000000000000e+01 1.069999999999999929e+01 4.000000000000000222e-01 1.580000000000000071e+01 9.901826909317822389e-01 8.800490003585595966e-01 5.289854594295008150e-01 5.899171727747230420e+00 3.277656274511890899e+00 1.868457872458945346e+00
4.053701385757206843e+00 1.381551055796427363e+01 1.000000000000000000e+01 1.069999999999999929e+01 4.000000000000000222e-01 1.580000000000000071e+01 8.606275526471892645e-01 4.000949335302014909e+00 1.866187689651440662e-01 4.450156955732087027e+00 5.192086914042899792e+00 6.128598422087334185e+00
4.095316040820751624e+00 1.381551055796427363e+01 1.000000000000000000e+01 1.069999999999999929e+01 4.000000000000000222e-01 1.580000000000000071e+01 8.866869626244090474e-01 1.525478378768808208e+00 7.050180811812606363e-01 7.583185338010749454e-01 5.194283746774610577e+00 4.247522360278953579e-01
4.128893550905551990e+00 1.381551055796427363e+01 1.000000000000000000e+01 1.069999999999999929e+01 4.000000000000000222e-01 1.580000000000000071e+01 7.814070278675248060e-01 1.567488747025705287e+00 -7.066383542124663464e-01 5.929808277467014221e+00 5.045249807472588444e+00 3.343989511400556891e-01
4.129635427958615601e+00 1.381551055796427363e+01 1.000000000000000000e+01 1.069999999999999929e+01 4.000000000000000222e-01 1.580000000000000071e+01 -5.551609927681491197e-01 4.379983930927374480e+00 5.206656539600830191e-01 1.407347551479834591e+00 4.080877270491199305e+00 1.905994136570537290e+00
4.129754989733878112e+00 1.381551055796427363e+01 1.000000000000000000e+01 1.069999999999999929e+01 4.000000000000000222e-01 1.580000000000000071e+01 2.765014936056083839e-01 5.966275093175612554e+00 -8.499701769188282574e-01 2.980502044954477014e+00 2.224684376711475231e+00 4.141918122657263446e+00
4.136158310676911753e+00 1.381551055796427363e+01 1.000000000000000000e+01 1.069999999999999929e+01 4.000000000000000222e-01 1.580000000000000071e+01 -9.185156536985172870e-01 5.805977585258694340e+00 -1.298448560959555298e-01 4.124892165548302181e+00 5.432524425024112702e+00 4.562076845362979860e+00
4.137896974439018827e+00 1.381551055796427363e+01 1.000000000000000000e+01 1.069999999999999929e+01 4.000000000000000222e-01 1.580000000000000071e+01 9.408102744858478639e-01 2.662908414333437612e+00 1.119607500506162312e-01 3.321200068751115175e+00 3.143662384328334891e+00 1.482043197780146926e+00
4.258027100479901073e+00 1.381551055796427363e+01 1.000000000000000000e+01 1.069999999999999929e+01 4.000000000000000222e-01 1.580000000000000071e+01 -4.976688492738375880e-01 5.815315311207286619e+00 -6.262856140935633142e-01 5.474545811342832025e+00 2.340161406872558025e+00 2.845826648168828132e+00
4.357888700817892591e+00 1.381551055796427363e+01 1.000000000000000000e+01 1.069999999999999929e+01 4.000000000000000222e-01 1.580000000000000071e+01 -5.985979651274746516e-01 4.676694615604874983e+00 -8.009995202374604606e-01 3.908533950498740861e+00 5.485399518760056381e+00 1.019510978796871470e+00
4.412036706143069864e+00 1.381551055796427363e+01 1.000000000000000000e+01 1.069999999999999929e+01 4.000000000000000222e-01 1.580000000000000071e+01 -9.367638981979790058e-01 5.548572162735323055e+00 -1.666956030985026205e-01 4.007083711938693504e+00 1.821288344607153942e+00 3.901399250129755192e+00
4.472100949199632858e+00 1.381551055796427363e+01 1.000000000000000000e+01 1.069999999999999929e+01 4.000000000000000222e-01 1.580000000000000071e+01 8.804676358076427567e-01 4.928731242019182446e+00 -6.784075319833815509e-02 2.228387011990999866e+00 2.285681530784820392e+00 3.653686363179768914e+00
4.479396142634596067e+00 1.381551055796427363e+01 1.000000000000000000e+01 1.069999999999999929e+01 4.000000000000000222e-01 1.580000000000000071e+01 8.476562554226015900e-01 1.282913139781400869e+00 -5.487571949925115211e-01 4.819804850608443658e+00 4.317248412770289256e+00 7.778354302098708928e-01
4.492565054376475686e+00 1.381551055796427363e+01 1.000000000000000000e+01 1.069999999999999929e+01 4.000000000000000222e-01 1.580000000000000071e+01 -9.704908688930137250e-01 5.597338887173320288e+00 -7.184078106801576880e-01 5.085204314100225886e+00 4.486272105957883838e+00 1.627061956229863160e+00
4.730009360520420536e+00 1.381551055796427363e+01 1.000000000000000000e+01 1.069999999999999929e+01 4.000000000000000222e-01 1.580000000000000071e+01 9.940660699706796999e-01 5.052370975051527324e+00 -4.717855825089023458e-01 3.049364159328678436e+00 4.995132382288622330e-01 5.639960687468128064e+00
4.786414085743745161e+00 1.381551055796427363e+01 1.000000000000000000e+01 1.069999999999999929e+01 4.000000000000000222e-01 1.580000000000000071e+01 3.699480015780461928e-01 2.209023831716188546e+00 -8.631115596633273102e-01 4.998871237062346040e+00 6.794210632642266878e-01 3.536383788693356345e-01
4.891302427689985244e+00 1.381551055796427363e+01 1.000000000000000000e+01 1.069999999999999929e+01 4.000000000000000222e-01 1.580000000000000071e+01 -9.370711278348627937e-01 1.939643171201772098e+00 -4.433041967770791070e-01 1.410875312243863311e+00 3.492841610716563849e-01 4.857799193001713256e+00
4.986304791477110143e+00 1.381551055796427363e+01 1.000000000000000000e+01 1.069999999999999929e+01 4.000000000000000222e-01 1.580000000000000071e+01 7.729821502619688145e-01 1.978946416664470132e+00 -7.332932794055302406e-01 4.764885435364018207e+00 1.168535620512437534e+00 2.166880604785272890e+00
